1 -0.0102089 -0.00255223
2 -0.0294768 -0.00736921
3 -0.0351152 -0.00892668
4 -0.0283994 -0.00713496
5 -0.0280506 -0.00704776
6 -0.0280506 -0.00704776
7 -0.0280506 -0.00704776
8 -0.0280506 -0.00704776
9 -0.0280506 -0.00707581
10 -0.0280506 -0.00707581
11 -0.0280506 -0.00707581
12 -0.0278854 -0.0070345
13 -0.0249674 -0.00627163
14 -0.0305481 -0.00786732
15 -0.029893 -0.00759194
16 -0.0292398 -0.00742864
17 -0.0331015 -0.00850439
18 0.0450804 0.0111183
19 0.152716 0.0380272
20 0.181323 0.0459323
21 0.154375 0.0386232
22 0.0987089 0.0236922
23 0.0317056 0.00805464
24 0.0866401 0.0217883
25 0.0843441 0.0212527
26 0.0423108 0.0107903
27 -0.0107558 -0.00247635
28 -0.0685091 -0.0181383
29 -0.118872 -0.029574
30 -0.157994 -0.0402947
31 -0.179948 -0.0450008
32 -0.190253 -0.0475772
33 -0.189704 -0.0476188
34 -0.180503 -0.0453294
35 -0.168028 -0.0422106
36 -0.153394 -0.0384127
37 -0.138964 -0.035098
38 -0.12965 -0.0327696
39 -0.196321 -0.0509671
40 -0.306308 -0.0771303
41 -0.336242 -0.0855487
42 -0.315048 -0.0796515
43 -0.256882 -0.0651101
44 -0.192171 -0.0478302
45 -0.246693 -0.0627551
46 -0.24348 -0.0619518
47 -0.204232 -0.0515591
48 -0.144549 -0.0374231
49 -0.0893896 -0.0236334
50 -0.0366357 -0.00942645
51 0.00968201 0.00109789
52 -0.0329236 -0.0104385
53 0.0548379 0.014164
54 0.123054 0.0294627
55 0.172197 0.0417485
56 0.202238 0.0500619
57 0.201271 0.0492192
58 0.200483 0.0490224
59 0.199705 0.0488278
60 0.199172 0.0486947
61 0.199189 0.0486987
62 0.199205 0.0489023
63 0.199218 0.0489053
64 0.199231 0.0489084
65 0.199259 0.0489155
66 0.19923 0.0489082
67 0.124858 0.0289525
68 0.0671197 0.0149179
69 0.0216929 0.00471595
70 -0.0032035 -0.00200928
71 -0.0134421 -0.004071
72 -0.012449 -0.00382273
73 -0.00385021 -0.00150491
74 0.00966671 0.00170235
75 0.0226937 0.00495909
76 0.0350726 0.00833648
77 0.0450271 0.0105775
78 0.0524993 0.0124456
79 0.0567223 0.0136425
80 -0.024405 -0.00672379
81 -0.0605995 -0.0165569
82 -0.0684403 -0.0177932
83 -0.0534225 -0.0140388
84 -0.0253625 -0.00648792
85 0.0130897 0.00256393
86 0.120313 0.0293697
87 0.184775 0.0469592
88 0.208019 0.0514809
89 0.20174 0.0499112
90 0.1776 0.0435711
91 0.144871 0.0358717
92 0.109953 0.0265537
93 0.0824121 0.0203668
94 0.0602345 0.0148225
95 0.0457851 0.0109669
96 0.0381905 0.00935725
97 0.0362141 0.00886314
98 0.0379829 0.00937869
99 0.0419425 0.0103332
100 0.0467291 0.0115299
101 0.0515124 0.0128729
102 0.0550481 0.0136611
103 0.057747 0.0143359
104 0.0591902 0.0147847
105 0.0587447 0.0146445
106 0.0583341 0.014592
107 0.0581713 0.0145595
108 0.0576324 0.0144247
109 0.0567389 0.0142402
110 0.0556327 0.0139816
111 0.0545137 0.0137018
112 0.0535693 0.0135004
113 0.0531574 0.0134163
114 0.0516172 0.0130521
115 0.0508508 0.0128913
116 0.0499139 0.0126882
117 0.0491347 0.0125121
118 0.0488578 0.0124429
119 0.0486687 0.0124405
120 0.0485384 0.0124117
121 0.0484229 0.0123829
122 0.0483302 0.0123597
123 0.0482581 0.0123417
124 0.0482575 0.0123898
125 0.0482552 0.0123892
126 0.0482549 0.0123891
127 0.0482519 0.0123884
128 0.0482517 0.0123883
129 0.0482477 0.0123873
130 0.00895964 0.00178851
131 -0.0944302 -0.0254354
132 -0.343715 -0.0856889
133 -0.690251 -0.172323
134 -1.01115 -0.259978
135 -1.27554 -0.319656
136 -1.48226 -0.376954
137 -1.04714 -0.264039
138 -1.11059 -0.279901
139 -1.31617 -0.336724
