1 -2.83546e-07 5.84347e-08 0
2 -6.69919e-08 1.51239e-08 0
3 -2.42752e-07 5.40339e-08 0
4 -1.59409e-07 3.385e-08 0
5 0 1.96831e-09 0
6 -1.02521e-07 2.24726e-08 0
7 -2.23931e-07 4.67545e-08 0
8 -3.5482e-08 9.06472e-09 0
9 2.24768 0 0.496737
10 3 0 0.602248
11 3 0 0.602248
12 3 0 0.602248
13 1.15367 0 0.197208
14 0.738854 0 0.143615
15 0.823717 0 0.168884
16 0.960562 0 0.196253
17 1.03213 0 0.21303
18 1.0499 0 0.215153
19 1.05826 0 0.216825
20 1.06042 0 0.21836
21 1.05682 0 0.217598
22 1.04955 0 0.217047
23 1.03652 0 0.214585
24 1.05073 0 0.217428
25 1.05206 0 0.218772
26 1.04073 0 0.216481
27 1.03828 0 0.215989
28 1.03585 0 0.216492
29 1.04845 0 0.219061
30 1.04535 0 0.219423
31 1.02006 0 0.214428
32 1.02689 0 0.215793
33 1.02266 0 0.215886
34 1.0202 0 0.215478
35 1.01905 0 0.215249
36 1.02723 0 0.218075
37 1.02314 0 0.217094
38 1.0182 0 0.216106
39 1.0357 0 0.220991
40 1.01891 0 0.217283
41 1.01406 0 0.21723
42 1.02746 0 0.220008
43 1.02559 0 0.219633
44 1.02668 0 0.2209
45 1.02357 0 0.220256
46 0.0778887 0 0.0311196
47 -0.861305 0.176364 0
48 0.996847 0 0.21405
49 0.965943 0 0.207869
50 0.938238 0 0.202712
51 0.682809 0 0.152181
52 0.58934 0 0.132207
53 0.63021 0 0.143698
54 0.730494 0 0.162937
55 0.693893 0 0.155617
56 0.660722 0 0.14898
57 -0.382389 0.0589788 0
58 -0.00392751 0 0.0167136
59 -0.00119256 0 0.0172606
60 -0.000728675 0 0.0173534
61 -0.0405316 0 0.00939278
62 -0.0395938 0 0.00955951
63 2.24724 0 0.466908
64 2.96222 0 0.609903
65 2.93568 0 0.604595
66 2.66698 0 0.550856
67 0.302911 0 0.0310631
68 0.130045 0 0.0404442
69 0.534793 0 0.124851
70 0.829682 0 0.190556
71 0.969126 0 0.212547
72 1.02182 0 0.223087
73 1.01632 0 0.222891
74 1.00633 0 0.221004
75 0.992355 0 0.21821
76 0.986189 0 0.217839
77 0.982091 0 0.217143
78 0.988095 0 0.218344
79 0.98518 0 0.218688
80 0.981104 0 0.217931
81 0.987288 0 0.220278
82 0.990048 0 0.220707
83 0.98108 0 0.218913
84 0.974986 0 0.218547
85 0.987078 0 0.221088
86 0.989525 0 0.221577
87 0.980315 0 0.220531
88 0.97531 0 0.219714
89 0.977921 0 0.220237
90 0.981319 0 0.221966
91 0.986175 0 0.222869
92 0.98111 0 0.222736
93 0.972875 0 0.22119
94 0.981567 0 0.222928
95 0.967903 0 0.22089
96 0.975631 0 0.222709
97 0.966199 0 0.220823
98 0.960444 0 0.220517
99 0.963766 0 0.221296
100 0.970448 0 0.222633
101 0.961903 0 0.221715
102 0.961228 0 0.221751
103 0.960865 0 0.221678
104 0.95355 0 0.221022
105 1.00103 0 0.230665
106 1.1477 0 0.264079
107 1.11527 0 0.254661
108 1.02661 0 0.236928
109 0.0293723 0 0.0175655
110 -0.876181 0.1436 0
111 0.989918 0 0.229619
112 0.992501 0 0.23118
113 0.978397 0 0.228308
114 0.702004 0 0.168203
115 0.979907 0 0.229312
116 0.817612 0 0.194424
117 0.711751 0 0.176498
118 0.993518 0 0.232852
119 0.998435 0 0.234932
120 -0.00318107 0 0.0345101
121 0 0 0.0351463
122 -0.003787 0 0.0343889
123 -0.00323222 0 0.0344998
124 -0.00210403 0 0.0347459
125 -0.00242045 0 0.0346601
126 1.95085 0 0.425315
127 2.73121 0 0.581386
128 2.98816 0 0.632776
129 2.98599 0 0.632342
130 2.96803 0 0.631358
131 2.9783 0 0.636956
132 2.98238 0 0.637567
133 2.99783 0 0.640657
134 2.99124 0 0.642197
135 2.99961 0 0.644005
136 2.98363 0 0.643472
137 2.99924 0 0.646914
138 2.9991 0 0.646885
139 2.99913 0 0.649892
