1 -1.65788e-07 1.65788e-08 0
2 -1.89854e-07 1.89854e-08 0
3 -1.1391e-07 1.1391e-08 0
4 0 -0 0
5 0 -0 0
6 0 -0 0
7 0 -0 0
8 2.24768 0 0.224768
9 3 0 0.3
10 3 0 0.3
11 3 0 0.3
12 2.46142 0 0.240756
13 2.19522 0 0.219522
14 2.20009 0 0.220009
15 1.94003 0 0.191402
16 2.00788 0 0.200788
17 1.90829 0 0.189833
18 1.88802 0 0.188802
19 1.95696 0 0.195696
20 1.86011 0 0.185043
21 1.83475 0 0.183475
22 1.81991 0 0.181991
23 1.77795 0 0.177376
24 1.87712 0 0.187712
25 1.76766 0 0.175672
26 1.82411 0 0.182411
27 1.87339 0 0.187339
28 1.85128 0 0.184907
29 1.89166 0 0.189166
30 1.91105 0 0.191105
31 1.87709 0 0.18737
32 1.84737 0 0.184737
33 1.87845 0 0.188156
34 1.90336 0 0.190336
35 1.79838 0 0.179838
36 1.89024 0 0.189943
37 1.85676 0 0.185676
38 1.86435 0 0.186435
39 1.84456 0 0.184258
40 1.83346 0 0.183346
41 1.89931 0 0.189931
42 1.83861 0 0.183254
43 1.82628 0 0.182628
44 1.85206 0 0.185464
45 0.923126 0 0.0923126
46 -0.0281786 0.00281786 0
47 0.99712 0 0.109965
48 0.99959 0 0.099959
49 0.972639 0 0.0972639
50 0.928739 0 0.0924349
51 0.923722 0 0.0923221
52 0.966351 0 0.0966351
53 0.923907 0 0.0923907
54 0.92644 0 0.0926693
55 0.925716 0 0.0925716
56 -0.0399647 0.00399647 0
57 -0.00111279 0.000111279 0
58 -0.000106854 1.06854e-05 0
59 -0.000242162 2.55693e-05 0
60 0 -0 0
61 0 -0 0
62 0 -0 0
63 2.2524 0 0.22524
64 2.98994 0 0.298994
65 2.98838 0 0.298823
66 2.95421 0 0.295421
67 2.26023 0 0.219083
68 2.08753 0 0.208753
69 2.02959 0 0.202379
70 1.94424 0 0.194424
71 1.93117 0 0.193117
72 1.95029 0 0.195221
73 1.86626 0 0.186626
74 1.84536 0 0.184536
75 1.8333 0 0.183209
76 1.82192 0 0.182192
77 1.88635 0 0.188635
78 1.83165 0 0.182618
79 1.86855 0 0.186855
80 1.80071 0 0.179393
81 1.8821 0 0.18821
82 1.86144 0 0.186144
83 1.87919 0 0.188096
84 1.9086 0 0.19086
85 1.86791 0 0.186791
86 1.8826 0 0.188407
87 1.87176 0 0.187176
88 1.88068 0 0.188068
89 1.89464 0 0.189604
90 1.89491 0 0.189491
91 1.83949 0 0.183395
92 1.86937 0 0.186937
93 1.88853 0 0.188853
94 1.88911 0 0.188917
95 2.9976 0 0.29976
96 2.99441 0 0.299441
97 2.99475 0 0.299478
98 2.99562 0 0.299562
99 3 0 0.3
100 2.98994 0 0.298893
101 2.99164 0 0.299164
102 2.99697 0 0.29975
103 2.99037 0 0.299037
104 2.99319 0 0.299319
105 2.99286 0 0.299283
106 2.99351 0 0.299351
107 2.99433 0 0.299433
108 2.98941 0 0.298891
109 2.05487 0 0.205487
110 0.994356 0 0.0994356
111 0.994587 0 0.099461
112 0.998645 0 0.0998645
113 0.996974 0 0.0996807
114 0.997878 0 0.0997878
115 0.996763 0 0.0996652
116 0.997331 0 0.0997331
117 0.999272 0 0.0999467
118 0.996857 0 0.0996857
119 0.996751 0 0.0996751
120 -0.00181452 0.000181452 0
121 -0.000737093 6.2935e-05 0
122 0 -0 0
123 0 -0 0
124 0 -0 0
125 0 -0 0
126 1.9518 0 0.19518
127 2.7102 0 0.278604
128 2.96963 0 0.296963
129 2.98497 0 0.298497
130 2.9892 0 0.298962
131 2.99093 0 0.299093
132 2.99093 0 0.299093
133 2.99039 0 0.299039
134 2.99264 0 0.299264
135 2.99264 0 0.299264
136 2.99069 0 0.299069
137 2.99069 0 0.299069
138 2.99463 0 0.299463
139 2.99463 0 0.299463
140 2.9967 0 0.29967
141 2.9967 0 0.29967
142 2.99764 0 0.299773
143 2.99764 0 0.299764
144 2.9987 0 0.29987
145 2.9987 0 0.29987
146 2.99641 0 0.299641
147 2.99724 0 0.299724
148 2.99724 0 0.299724
149 2.99516 0 0.299516
150 2.99516 0 0.299516
151 2.99658 0 0.299658
152 2.99658 0 0.299658
153 2.9986 0 0.29986
154 2.9977 0 0.29977
155 2.9977 0 0.29977
156 2.99686 0 0.299686
157 2.99686 0 0.299686
158 2.99493 0 0.299493
159 2.99493 0 0.299493
160 2.99379 0 0.299379
161 2.99379 0 0.299379
162 2.99048 0 0.299048
163 2.99022 0 0.299022
164 2.99022 0 0.299022
165 2.99417 0 0.299417
166 2.99417 0 0.299417
167 2.99684 0 0.299684
168 2.99684 0 0.299684
169 2.99533 0 0.299533
170 2.99533 0 0.299533
171 2.99657 0 0.299657
172 2.99548 0 0.299548
173 2.99548 0 0.299548
174 3 0 0.3
175 2.99847 0 0.299847
176 2.99847 0 0.299847
177 2.99788 0 0.299788
178 2.99588 0 0.299588
