1 -0.0102089 -0.00510446
2 -0.0294768 -0.0147384
3 -0.0351152 -0.0175576
4 -0.0283994 -0.0140731
5 -0.0280506 -0.0141673
6 -0.0280506 -0.0141673
7 -0.0280506 -0.0141673
8 -0.0280506 -0.0141673
9 -0.0280506 -0.0143075
10 -0.0280506 -0.0143075
11 -0.0278854 -0.0142249
12 -0.0246406 -0.012596
13 -0.0298145 -0.0153127
14 -0.0282446 -0.0146062
15 -0.0266969 -0.0138951
16 -0.0297897 -0.0157142
17 0.0490969 0.0238528
18 0.156772 0.0776903
19 0.183918 0.0932688
20 0.154243 0.0773452
21 0.0959778 0.0463622
22 0.0248772 0.0131424
23 0.0779217 0.0396647
24 0.0733802 0.0375792
25 0.0291446 0.015643
26 -0.0256185 -0.0140571
27 -0.084482 -0.0412983
28 -0.135635 -0.066875
29 -0.174632 -0.0888063
30 -0.195939 -0.0979002
31 -0.205123 -0.102492
32 -0.203226 -0.102484
33 -0.192196 -0.0970444
34 -0.177852 -0.0898728
35 -0.161081 -0.0816215
36 -0.144202 -0.0738528
37 -0.132247 -0.0680586
38 -0.196378 -0.100602
39 -0.303039 -0.153933
40 -0.329693 -0.169974
41 -0.304518 -0.156321
42 -0.2413 -0.12339
43 -0.172085 -0.0913108
44 -0.222173 -0.116355
45 -0.214234 -0.113139
46 -0.171871 -0.0922747
47 -0.110704 -0.0616914
48 -0.0566896 -0.0328071
49 -0.0048281 -0.0090369
50 0.0417405 0.0163188
51 -0.000300961 -0.00656463
52 0.0883048 0.041724
53 0.157009 0.0725321
54 0.206417 0.100244
55 0.236687 0.113403
56 0.235905 0.113012
57 0.234988 0.112553
58 0.234076 0.112098
59 0.233461 0.112933
60 0.233503 0.112978
61 0.233538 0.112996
62 0.233567 0.11301
63 0.233602 0.113028
64 0.233654 0.113054
65 0.233686 0.11424
66 0.165464 0.0782255
67 0.110513 0.0534791
68 0.0671929 0.0304221
69 0.043889 0.020503
70 0.0348791 0.015998
71 0.0361496 0.0168648
72 0.0452324 0.0213555
73 0.0591062 0.0282923
74 0.0723729 0.0358182
75 0.084624 0.0414131
76 0.094705 0.0464536
77 0.102208 0.051016
78 0.106262 0.052743
79 0.0251818 0.00908575
80 -0.0113512 -0.00593755
81 -0.0198918 -0.0102078
82 -0.00581415 -0.002635
83 0.0215495 0.0104837
84 0.0592643 0.0293411
85 0.166082 0.0878533
86 0.229563 0.115321
87 0.251914 0.126496
88 0.244562 0.123749
89 0.21871 0.111117
90 0.183805 0.0936647
91 0.146522 0.0742647
92 0.11706 0.0610248
93 0.0930586 0.0485293
94 0.136242 0.0710811
95 0.100578 0.0523252
96 0.0785597 0.0427428
97 0.0630007 0.0349633
98 0.0933074 0.0517955
99 0.0720978 0.0399784
100 0.0503117 0.0290854
101 0.0389815 0.023162
102 0.0650404 0.0366446
103 0.0496469 0.0285804
104 0.0433806 0.026063
105 0.0386808 0.0237131
106 0.0581821 0.0345347
107 0.0413605 0.0253438
108 0.0497124 0.0295198
