1 -1.4329e-07 2.91239e-08 0
2 -1.17248e-07 2.39154e-08 0
3 -2.53553e-07 5.11765e-08 0
4 -9.85889e-08 1.71829e-08 0
5 -4.54037e-08 9.64519e-09 0
6 -1.16614e-07 2.38873e-08 0
7 -9.7319e-08 2.00282e-08 0
8 2.24768 0 0.449536
9 3 0 0.6
10 3 0 0.603
11 3 0 0.603
12 1.12757 0 0.192192
13 0.709221 0 0.145972
14 0.809118 0 0.168758
15 0.944219 0 0.19378
16 1.0122 0 0.209749
17 1.05256 0 0.21646
18 1.05272 0 0.216493
19 1.04217 0 0.215213
20 1.05764 0 0.21852
21 1.03758 0 0.214508
22 1.03825 0 0.215693
23 1.04962 0 0.217954
24 1.03753 0 0.216332
25 1.03057 0 0.215181
26 1.02113 0 0.213294
27 1.02444 0 0.215046
28 1.04494 0 0.219079
29 1.0288 0 0.215851
30 1.02076 0 0.215103
31 1.05008 0 0.221128
32 1.03397 0 0.217905
33 1.02105 0 0.216085
34 1.02817 0 0.217767
35 1.03573 0 0.220466
36 1.02714 0 0.218596
37 1.00941 0 0.21505
38 1.01781 0 0.217916
39 1.02925 0 0.220036
40 1.0152 0 0.217227
41 1.0097 0 0.217026
42 1.01047 0 0.21729
43 1.0071 0 0.217556
44 1.00075 0 0.216353
45 0.0770431 0 0.0316121
46 -0.856563 0.174638 0
47 0.996023 0 0.214552
48 0.957972 0 0.206941
49 0.932684 0 0.202311
50 0.806651 0 0.17761
51 0.738093 0 0.163265
52 0.647578 0 0.14537
53 0.608466 0 0.139358
54 0.610166 0 0.139698
55 0.563318 0 0.129955
56 -0.40447 0.0626655 0
57 -0.00676315 0 0.0168759
58 -0.043628 0 0.00950294
59 -0.0449293 0 0.00924268
60 -0.0408842 0 0.0100517
61 -0.039943 0 0.0102399
62 -0.00212363 0 0.0185581
63 2.2158 0 0.461386
64 2.99409 0 0.617044
65 2.85631 0 0.589488
66 2.48773 0 0.515772
67 0.424451 0 0.0833327
68 0.257199 0 0.070515
69 0.608278 0 0.140731
70 0.82948 0 0.190225
71 0.944559 0 0.208816
72 0.984121 0 0.216729
73 1.00679 0 0.222723
74 0.99962 0 0.220835
75 0.985968 0 0.218105
76 0.986881 0 0.219293
77 1.00566 0 0.223031
78 0.989099 0 0.220376
79 0.977395 0 0.218367
80 0.981922 0 0.219272
81 1.21901 0 0.272649
82 1.15527 0 0.255161
83 1.07041 0 0.238189
84 0.999603 0 0.223611
85 1.12716 0 0.250539
86 1.05683 0 0.236123
87 1.02128 0 0.23042
88 1.00299 0 0.226761
89 0.968202 0 0.220076
90 0.974896 0 0.22211
91 0.971286 0 0.221388
92 0.977929 0 0.223828
93 0.964408 0 0.220991
94 0.952645 0 0.218638
95 0.95597 0 0.220326
96 0.961191 0 0.221303
97 0.956664 0 0.220398
98 0.965085 0 0.223216
99 0.965994 0 0.223229
100 0.97705 0 0.226638
101 0.954449 0 0.221897
102 0.94548 0 0.220103
103 0.947453 0 0.221485
104 0.949159 0 0.221786
105 0.943408 0 0.220636
106 0.944356 0 0.221789
107 0.944974 0 0.221894
108 0.952511 0 0.223401
109 0.0217436 0 0.0186542
110 0.0425535 0 0.0414315
111 0.634033 0 0.172191
112 0.745245 0 0.182604
113 0.714816 0 0.176518
114 0.605676 0 0.153113
115 0.557631 0 0.145687
116 0.611167 0 0.158076
117 0.69036 0 0.172844
118 0.568124 0 0.14652
119 0.550611 0 0.145462
120 -0.361955 0.0370512 0
121 -0.0053055 0 0.0342787
122 -0.0462778 0 0.0260842
123 -0.0478774 0 0.0257643
124 -0.0469852 0 0.0259136
125 -0.00291884 0 0.034709
126 -0.00198922 0 0.034895
127 1.94539 0 0.424372
128 2.72914 0 0.581122
129 2.8515 0 0.605592
130 2.51474 0 0.534021
